username,age
steven,18
james,19
peck,20